g++ main.cpp -o sorts.out && ./sorts.out
3.914e-10
1.03353e-07
2.66356e-07
4.05711e-07
5.84457e-07
7.52157e-07
9.31911e-07
1.13189e-06
1.3023e-06
1.50176e-06
1.69788e-06
1.89412e-06
2.10099e-06
2.31201e-06
2.50346e-06
2.72211e-06
2.95842e-06
3.67911e-06
3.57507e-06
3.56937e-06
3.79002e-06
4.00574e-06
4.23659e-06
4.45355e-06
4.66815e-06
4.89964e-06
5.11225e-06
5.33455e-06
5.56342e-06
5.80014e-06
6.02889e-06
6.24898e-06
6.49532e-06
6.71611e-06
6.9203e-06
7.17651e-06
7.41898e-06
7.64546e-06
7.88305e-06
